#R24/Rd size_err  core_flag   B/T RA DEC 
  1.09    4.16  0   0.30 2.016689453e+02 1.174866581e+01 
  1.01    0.05  0   0.08 2.024863586e+02 1.107210064e+01 
  0.70    0.25  1   0.04 2.023117371e+02 1.159992695e+01 
  1.32    0.26  0   0.00 2.022257538e+02 1.164300823e+01 
  0.88    0.63  1   0.12 2.020948029e+02 1.144755650e+01 
  1.25    0.09  0   0.12 2.022176056e+02 1.109700298e+01 
  0.57    0.04  0   0.41 2.022333679e+02 1.087847137e+01 
  0.17    0.01  0   0.13 2.017259369e+02 1.156161880e+01 
  1.07    0.27  0   0.25 2.020383606e+02 1.097138119e+01 
  0.05    0.05  1   0.34 2.023511047e+02 1.179702377e+01 
  0.72    0.02  0   0.12 2.024017944e+02 1.181393147e+01 
  0.74    0.07  0   0.40 2.024286041e+02 1.219015312e+01 
  2.55    0.56  0   0.00 2.029649048e+02 1.280930328e+01 
  0.94    0.02  0   0.11 2.022028809e+02 1.103222466e+01 
  0.81    0.13  1   0.18 2.023577118e+02 1.190986919e+01 
  0.60    0.01  1   0.14 2.023980713e+02 1.169776726e+01 
  0.95    0.02  0   0.55 2.031235504e+02 1.281742287e+01 
  0.85    0.10  0   0.21 2.022053070e+02 1.038168144e+01 
  1.19    0.17  0   0.21 2.440148621e+02 3.551657104e+01 
  1.80    0.19  0   0.22 2.439810181e+02 3.561014175e+01 
  1.14    0.08  0   0.07 2.460050659e+02 3.417356491e+01 
  1.22    0.19  1   0.00 2.448380890e+02 3.482991028e+01 
  0.01    0.89  1   0.83 2.446717224e+02 3.484667206e+01 
  1.07    0.10  0   0.28 2.448037567e+02 3.490074539e+01 
  1.32    0.01  0   0.16 2.448303680e+02 3.454118729e+01 
  1.13    0.05  0   0.06 2.441633453e+02 3.584491348e+01 
  1.40    0.02  0   0.27 2.446365356e+02 3.548621368e+01 
  0.35    0.07  1   0.34 2.442015381e+02 3.534045410e+01 
  1.15    0.03  1   0.05 2.444635010e+02 3.515675354e+01 
  1.34    0.20  1   0.03 2.447416992e+02 3.534829712e+01 
  0.82    0.02  1   0.22 2.447719421e+02 3.503209686e+01 
  0.94    0.04  0   0.06 2.446477051e+02 3.516197968e+01 
  1.05    0.04  0   0.08 2.447960052e+02 3.395774841e+01 
  0.40    0.00  0   0.08 2.449698334e+02 3.425834656e+01 
  0.51    0.47  0   0.05 2.440406494e+02 3.416581345e+01 
  1.38    0.02  0   0.13 2.433970947e+02 3.551078033e+01 
  1.26    0.14  0   0.04 2.437345581e+02 3.527166367e+01 
  1.25    0.11  0   0.08 2.439911804e+02 3.521843338e+01 
  0.01    0.01  0   0.16 2.451506348e+02 3.394526672e+01 
  0.31    0.03  0   0.84 2.443110809e+02 3.472214508e+01 
  1.33    0.09  0   0.07 2.447825165e+02 3.435747147e+01 
  1.20    0.09  0   0.04 2.196144104e+02 3.274968863e+00 
  0.96    0.04  0   0.07 2.195758972e+02 3.521433353e+00 
  1.27    0.30  0   0.00 2.199145966e+02 5.101725578e+00 
  1.13    0.03  0   0.03 2.200348358e+02 4.932524204e+00 
  1.04    0.05  0   0.24 2.200023956e+02 4.213076115e+00 
  1.38    0.12  0   0.05 2.202698364e+02 5.017419338e+00 
  1.32    0.02  0   0.05 2.205263824e+02 3.330764055e+00 
  0.57    0.02  0   0.00 2.204722900e+02 4.903852463e+00 
  1.38    0.10  0   0.29 2.203519592e+02 4.635449409e+00 
  0.97    0.04  0   0.00 2.207010040e+02 4.633263588e+00 
  0.35    0.03  0   0.19 2.200274658e+02 3.873567581e+00 
  0.94    0.32  0   0.00 2.410853577e+02 2.469082260e+01 
  1.24    0.01  0   0.17 2.410677795e+02 2.481236458e+01 
  0.34    0.09  1   0.02 2.413447876e+02 2.413146400e+01 
  1.50    0.19  1   0.27 2.411799927e+02 2.420561409e+01 
  1.21    0.03  0   0.05 2.407023621e+02 2.503987694e+01 
  1.29    0.63  0   0.09 2.411830139e+02 2.321720505e+01 
  0.90    0.02  0   0.17 2.412498474e+02 2.365838623e+01 
  0.83    0.06  0   0.28 2.406369019e+02 2.266537666e+01 
  0.55    0.01  0   0.34 2.414942780e+02 2.263227654e+01 
  0.27    0.17  0   0.31 2.413352509e+02 2.234517479e+01 
  0.31    0.06  0   0.16 2.413846283e+02 2.252550888e+01 
  0.44    0.76  0   0.26 2.411113434e+02 2.325749588e+01 
  0.56    0.64  0   0.43 2.409228668e+02 2.301344490e+01 
  0.62    0.03  1   0.10 2.411502380e+02 2.362506104e+01 
  0.39    0.03  0   0.10 2.411898804e+02 2.362862778e+01 
  2.27    0.20  1   0.01 2.413354645e+02 2.348745346e+01 
  1.47    0.26  0   0.54 2.414982452e+02 2.265023613e+01 
  0.56    0.83  0   0.21 2.417543793e+02 2.351393318e+01 
  1.07    0.14  0   0.07 2.404151459e+02 2.250386620e+01 
  1.06    0.02  0   0.09 2.412603912e+02 2.366903877e+01 
  0.62    0.07  0   0.49 2.415002289e+02 2.264112473e+01 
  0.03  128.28  1   0.08 2.412672729e+02 1.781759644e+01 
  0.62    0.13  1   0.12 2.413016663e+02 1.759892273e+01 
  1.46    1.37  1   0.02 2.415431061e+02 1.770219421e+01 
  1.10    1.75  1   0.12 2.410968475e+02 1.753139496e+01 
  0.51    0.24  0   0.12 2.411005707e+02 1.768868446e+01 
  0.72    0.02  1   0.09 2.410848694e+02 1.743647194e+01 
  1.41    0.14  1   0.11 2.411623535e+02 1.803598976e+01 
  0.02   47.09  1   0.33 2.413569183e+02 1.796674347e+01 
  0.61    3.21  1   0.01 2.414380951e+02 1.792615509e+01 
  1.02    0.03  1   0.16 2.415573730e+02 1.795415306e+01 
  1.20    0.05  1   0.03 2.411981201e+02 1.734779358e+01 
  1.42    0.30  1   0.07 2.412794495e+02 1.764937019e+01 
  0.81    0.17  0   0.09 2.411779938e+02 1.776491165e+01 
  0.79    0.05  1   0.06 2.411669159e+02 1.780986214e+01 
  0.79    0.01  1   0.40 2.411893158e+02 1.744845009e+01 
  1.37    0.12  1   0.10 2.414543304e+02 1.812021446e+01 
  1.36    0.03  1   0.15 2.415080414e+02 1.811253357e+01 
  0.38    0.04  1   0.06 2.413169403e+02 1.760449982e+01 
  0.75    0.18  1   0.29 2.411094513e+02 1.798731041e+01 
  0.84    0.07  1   0.27 2.411267700e+02 1.746916962e+01 
  0.06    1.09  1   0.31 2.412780762e+02 1.757474327e+01 
  0.04    0.02  1   0.79 2.414166412e+02 1.805575752e+01 
  0.61    0.03  1   0.11 2.412435150e+02 1.818685150e+01 
  0.85    0.04  1   0.11 2.413596344e+02 1.769680214e+01 
  1.31    0.07  0   0.03 2.415220337e+02 1.803644943e+01 
  0.76    0.06  0   0.00 1.759047394e+02 1.964302254e+01 
  0.09    0.09  1   0.77 1.761338196e+02 2.010661316e+01 
  0.35    0.17  1   0.06 1.761395721e+02 1.962668991e+01 
  0.40    0.02  1   0.24 1.763073273e+02 1.975615883e+01 
  1.90    0.07  0   0.13 1.764359589e+02 2.003084755e+01 
  0.42    0.01  0   0.18 1.760082092e+02 1.978429031e+01 
  1.32    0.32  0   0.00 1.760581055e+02 1.933628654e+01 
  0.45    0.01  0   0.26 1.760717163e+02 2.022329521e+01 
  0.41    0.04  1   0.00 1.762281036e+02 2.001714325e+01 
  0.59    0.19  1   0.17 1.762790222e+02 1.996686745e+01 
  0.66    0.01  1   0.12 1.761991425e+02 1.977341270e+01 
  0.85    0.39  0   0.21 2.304934540e+02 9.400334358e+00 
  0.25    0.22  1   0.39 2.310394440e+02 8.680634499e+00 
  0.33    0.16  0   0.11 2.309994812e+02 8.508962631e+00 
  0.83    0.03  1   0.23 2.307283325e+02 8.348955154e+00 
  0.18    0.18  1   0.03 2.307005157e+02 8.529994011e+00 
  0.98    0.02  1   0.18 2.307326202e+02 8.521301270e+00 
  0.50    0.12  1   0.14 2.307045441e+02 8.207149506e+00 
  1.20    0.23  1   0.06 2.305897675e+02 8.334525108e+00 
  0.89    0.02  1   0.12 2.307073364e+02 8.081668854e+00 
  1.01    0.12  1   0.00 2.304102631e+02 8.144823074e+00 
  0.38    0.14  1   0.71 2.304606628e+02 8.364415169e+00 
  0.99    0.05  1   0.00 2.300822144e+02 8.488422394e+00 
  0.84    0.07  1   0.08 2.304735870e+02 9.193282127e+00 
  1.31    0.86  1   0.00 2.308333740e+02 9.317724228e+00 
  0.11    0.68  1   0.42 2.305529022e+02 8.767465591e+00 
  1.05    0.22  1   0.11 2.311760101e+02 9.302819252e+00 
  0.57    0.01  1   0.10 2.308354187e+02 8.722838402e+00 
  0.25    0.08  1   0.65 2.307649689e+02 8.643168449e+00 
  0.56    0.54  1   0.06 2.308894043e+02 9.018351555e+00 
  1.76    0.58  1   0.07 2.314225006e+02 8.718700409e+00 
  0.59    0.05  0   0.45 2.313612213e+02 9.097397804e+00 
  0.56    0.01  0   0.17 2.299159241e+02 7.678392887e+00 
  1.56    0.23  0   0.19 2.298547363e+02 7.420007706e+00 
  0.86    0.03  0   0.00 2.306002502e+02 7.635234356e+00 
  0.17    0.23  1   0.75 2.310861969e+02 7.847567558e+00 
  0.42    0.03  1   0.05 2.304521332e+02 8.410197258e+00 
  1.01    0.23  1   0.51 2.306993408e+02 8.718620300e+00 
  1.92    0.13  1   0.02 2.307403564e+02 8.040185928e+00 
  0.14    0.07  1   0.38 2.307508240e+02 8.465475082e+00 
  0.85    0.17  1   0.32 2.307858124e+02 8.334575653e+00 
  0.02    0.05  1   0.32 2.308009949e+02 8.549865723e+00 
  1.30    0.04  0   0.09 2.309327698e+02 9.377021790e+00 
  0.21    0.08  1   0.20 2.309643707e+02 8.842395782e+00 
  0.84    0.03  0   0.17 2.313438110e+02 9.731205940e+00 
  0.69    0.05  1   0.29 2.314121094e+02 8.702978134e+00 
  1.12    0.03  0   0.05 2.295375366e+02 8.247476578e+00 
  1.33    0.05  0   0.21 2.295171814e+02 8.118456841e+00 
  1.01    0.03  0   0.00 2.288931274e+02 8.310923576e+00 
  0.87    0.27  0   0.00 2.295743866e+02 8.348447800e+00 
  1.34    0.02  0   0.26 2.288814545e+02 6.370386124e+00 
  1.84    0.68  0   0.01 2.286476898e+02 6.132822514e+00 
  0.52    0.52  1   0.51 2.288362732e+02 6.827213764e+00 
  0.43    0.02  0   0.39 2.292436676e+02 7.249301434e+00 
  1.34    1.61  0   0.00 2.293820801e+02 8.075577736e+00 
  0.40    0.16  0   0.42 2.294895782e+02 7.760084629e+00 
  0.67    0.78  0   0.44 2.295948334e+02 7.164560795e+00 
  2.39    0.64  0   0.14 2.297254333e+02 7.200636387e+00 
  0.23    0.67  0   0.00 2.297025299e+02 6.722228050e+00 
  0.85    1.04  1   0.09 2.293285675e+02 6.915022373e+00 
  0.78    0.17  0   0.00 2.293375854e+02 7.089193821e+00 
  0.01    1.05  0   0.02 2.295186920e+02 5.929391861e+00 
  1.65    0.46  0   0.00 2.290406036e+02 5.994179249e+00 
  1.13    0.05  0   0.05 2.290107727e+02 6.132271290e+00 
  0.88    0.04  0   0.26 2.290960083e+02 5.864821911e+00 
  1.23    0.91  0   0.24 2.290954742e+02 7.857396126e+00 
  1.09    0.14  0   0.07 2.296146393e+02 7.838766575e+00 
  1.61    0.92  0   0.12 2.289974365e+02 7.542729378e+00 
  0.44    0.01  0   0.17 2.299159241e+02 7.678392887e+00 
  1.24    0.11  1   0.00 2.293302002e+02 7.474534988e+00 
  0.10    0.03  0   0.27 2.297810669e+02 7.563351631e+00 
  1.36    0.31  0   0.19 2.298547363e+02 7.420007706e+00 
  0.86    0.04  0   0.25 2.282856903e+02 5.759494781e+00 
  0.35    0.26  0   0.34 2.283746185e+02 5.698726654e+00 
  0.32    0.25  0   0.29 2.284189301e+02 5.730183601e+00 
  1.51    0.34  0   0.24 2.288297272e+02 5.631060123e+00 
  0.63    0.46  0   0.07 2.287609863e+02 5.774374485e+00 
  0.33    0.01  0   0.12 2.287497559e+02 6.804668903e+00 
  0.87    0.05  1   0.00 2.289967804e+02 7.141385078e+00 
  0.20    0.06  1   0.40 2.290766144e+02 6.803604603e+00 
  0.45    0.08  1   0.61 2.291878052e+02 7.055663586e+00 
  0.34    0.36  0   0.70 2.292098083e+02 6.933589458e+00 
  0.94    0.02  1   0.32 2.293024445e+02 7.028580189e+00 
  0.04    0.00  0   0.16 2.289369507e+02 6.958702564e+00 
  0.04    0.01  0   0.29 2.292179565e+02 6.539136887e+00 
  0.98    0.08  0   0.19 2.293103027e+02 7.021405220e+00 
  0.93    0.09  0   0.09 2.293748016e+02 8.177607536e+00 
  0.14    0.03  1   0.55 1.955361023e+02 2.838708115e+01 
  0.90    0.01  0   0.03 1.953545074e+02 2.867723465e+01 
  0.17    0.02  0   0.35 1.946800842e+02 2.891003990e+01 
  0.86    0.08  1   0.02 1.948464813e+02 2.848869705e+01 
  0.71    0.01  1   0.10 1.945384369e+02 2.870859146e+01 
  0.45    0.08  1   0.53 1.945627747e+02 2.852177811e+01 
  0.89    0.02  0   0.15 1.950742340e+02 2.738750076e+01 
  1.23    0.01  1   0.02 1.946553497e+02 2.717655373e+01 
  1.37    0.07  0   0.00 1.949369812e+02 2.695480919e+01 
  0.80    0.21  1   0.50 1.946128845e+02 2.702346039e+01 
  0.00    0.42  0   0.33 1.944765015e+02 2.749063873e+01 
  0.86    0.01  1   0.19 1.941191254e+02 2.729124641e+01 
  0.56    0.05  1   0.22 1.937534943e+02 2.748337936e+01 
  0.42    0.01  1   0.05 1.944904785e+02 2.806176186e+01 
  0.78    0.03  1   0.00 1.942689667e+02 2.777305222e+01 
  0.34    0.06  1   0.19 1.946063538e+02 2.812895584e+01 
  0.55    0.01  0   0.03 1.947586517e+02 2.811568451e+01 
  1.04    0.03  1   0.10 1.949158783e+02 2.757648849e+01 
  0.51    0.01  1   0.05 1.951487122e+02 2.757421303e+01 
  1.37    0.16  1   0.73 1.949552612e+02 2.697430992e+01 
  0.32    0.01  1   0.65 1.947720795e+02 2.764443779e+01 
  0.65    0.01  1   0.13 1.945776520e+02 2.731081772e+01 
  0.42    0.01  1   0.50 1.946472931e+02 2.726475334e+01 
  0.15    0.02  1   0.38 1.944902039e+02 2.744331932e+01 
  1.08    0.03  1   0.12 1.941443176e+02 2.722754288e+01 
  0.64    0.02  0   0.00 1.940254211e+02 2.767746735e+01 
  0.59    0.01  1   0.26 1.951403198e+02 2.763773918e+01 
  1.33    0.20  0   0.00 1.950904846e+02 2.690601540e+01 
  0.97    0.04  1   0.08 1.951398315e+02 2.750415802e+01 
  1.60    0.25  0   0.00 1.954286346e+02 2.774756241e+01 
  0.38    0.00  1   0.40 1.955329132e+02 2.764831161e+01 
  0.59    0.02  1   0.14 1.946575470e+02 2.746414948e+01 
  1.51    0.17  1   0.06 1.946910553e+02 2.854290009e+01 
  1.64    0.11  1   0.29 1.949172211e+02 2.863079453e+01 
  0.24    0.48  1   0.28 1.950381012e+02 2.786649513e+01 
  1.02    0.02  0   0.11 1.950602264e+02 2.728074646e+01 
  0.32    0.00  1   0.00 1.951577759e+02 2.805808258e+01 
  0.13    0.13  0   0.03 1.952806702e+02 2.812159157e+01 
  0.64    0.01  1   0.23 1.955532227e+02 2.821485138e+01 
